 %% dominio di resistenza
N=[-4937;-4288;-4066;-3828;-3567;-3234;-2865;-2449;-1982;-1404;-706.452700000000;-426.654800000000;-100.500500000000;291.877400000000;591.797300000000;1014.46420000000;1601.27850000000;2193.05760000000;2287.42980000000;2381.80190000000;2476.17410000000;-4937;-4522;-4403;-4225;-3956;-3604;-3183;-2720;-2162;-1497;-708.787400000000;-205.005300000000;288.498500000000;705.218400000000;1175.23020000000;1686.62250000000;2069.39360000000;2347.73340000000;2438.71380000000;2466.80900000000;2476.17410000000;-4937;-4551;-4450;-4299;-4058;-3734;-3339;-2850;-2251;-1557;-744.234500000000;-206.818100000000;302.710800000000;829.500200000000;1300.41190000000;1700.36130000000;2062.48820000000;2305.02990000000;2443.80770000000;2468.08250000000;2476.17410000000;-4937;-4541;-4440;-4297;-4058;-3744;-3348;-2863;-2292;-1631;-848.978300000000;-306.482400000000;206.758800000000;711.483800000000;1187.05730000000;1624.30770000000;1977.76470000000;2264.90280000000;2442.25570000000;2467.69450000000;2476.17410000000;-4937;-4519;-4412;-4260;-4010;-3686;-3286;-2825;-2305;-1694;-979.017500000000;-449.328200000000;59.1494000000000;552.897300000000;1017.69750000000;1464.34720000000;1882.58400000000;2226.53820000000;2437.77500000000;2466.57430000000;2476.17410000000;-4937;-4488;-4368;-4196;-3934;-3602;-3209;-2786;-2298;-1739;-1063;-582.238500000000;-117.911000000000;347.240700000000;824.502800000000;1288.89280000000;1713.83570000000;2129.42110000000;2395.19320000000;2464.53870000000;2476.17410000000;-4937;-4454;-4311;-4102;-3829;-3509;-3145;-2744;-2278;-1753;-1125;-691.432500000000;-274.487200000000;156.845400000000;602.085600000000;1048.82380000000;1501.21780000000;1975.10710000000;2345.22590000000;2460.46360000000;2476.17410000000;-4937;-4406;-4207;-3990;-3728;-3419;-3077;-2693;-2264;-1747;-1162;-782.266700000000;-402.444100000000;-14.7047000000000;370.392800000000;810.502200000000;1242.27670000000;1690.44650000000;2231.52140000000;2448.41540000000;2476.17410000000;-4937;-4276;-4074;-3877;-3628;-3335;-3002;-2632;-2229;-1744;-1216;-857.388200000000;-508.460300000000;-130.849000000000;175.831900000000;550.623700000000;926.884900000000;1396.57440000000;1841.04660000000;2366.90110000000;2476.17410000000;-4937;-4406;-4207;-3990;-3728;-3419;-3077;-2693;-2264;-1747;-1162;-782.266700000000;-402.444100000000;-14.7047000000000;370.392800000000;810.502200000000;1242.27670000000;1690.44650000000;2231.52140000000;2448.41540000000;2476.17410000000;-4937;-4454;-4311;-4102;-3829;-3509;-3145;-2744;-2278;-1753;-1125;-691.432500000000;-274.487200000000;156.845400000000;602.085600000000;1048.82380000000;1501.21780000000;1975.10710000000;2345.22590000000;2460.46360000000;2476.17410000000;-4937;-4488;-4368;-4196;-3934;-3602;-3209;-2786;-2298;-1739;-1063;-582.238500000000;-117.911000000000;347.240700000000;824.502800000000;1288.89280000000;1713.83570000000;2129.42110000000;2395.19320000000;2464.53870000000;2476.17410000000;-4937;-4519;-4412;-4260;-4010;-3686;-3286;-2825;-2305;-1694;-979.017500000000;-449.328200000000;59.1494000000000;552.897300000000;1017.69750000000;1464.34720000000;1882.58400000000;2226.53820000000;2437.77500000000;2466.57430000000;2476.17410000000;-4937;-4541;-4440;-4297;-4058;-3744;-3348;-2863;-2292;-1631;-848.978300000000;-306.482400000000;206.758800000000;711.483800000000;1187.05730000000;1624.30770000000;1977.76470000000;2264.90280000000;2442.25570000000;2467.69450000000;2476.17410000000;-4937;-4551;-4450;-4299;-4058;-3734;-3339;-2850;-2251;-1557;-744.234500000000;-206.818100000000;302.710800000000;829.500200000000;1300.41190000000;1700.36130000000;2062.48820000000;2305.02990000000;2443.80770000000;2468.08250000000;2476.17410000000;-4937;-4522;-4403;-4225;-3956;-3604;-3183;-2720;-2162;-1497;-708.787400000000;-205.005300000000;288.498500000000;705.218400000000;1175.23020000000;1686.62250000000;2069.39360000000;2347.73340000000;2438.71380000000;2466.80900000000;2476.17410000000;-4937;-4288;-4066;-3828;-3567;-3234;-2865;-2449;-1982;-1404;-706.452700000000;-426.654800000000;-100.500500000000;291.877400000000;591.797300000000;1014.46420000000;1601.27850000000;2193.05760000000;2287.42980000000;2381.80190000000;2476.17410000000;-4937;-4522;-4403;-4225;-3956;-3604;-3183;-2720;-2162;-1497;-708.787400000000;-205.005300000000;288.498500000000;705.218400000000;1175.23020000000;1686.62250000000;2069.39360000000;2347.73340000000;2438.71380000000;2466.80900000000;2476.17410000000;-4937;-4551;-4450;-4299;-4058;-3734;-3339;-2850;-2251;-1557;-744.234500000000;-206.818100000000;302.710800000000;829.500200000000;1300.41190000000;1700.36130000000;2062.48820000000;2305.02990000000;2443.80770000000;2468.08250000000;2476.17410000000;-4937;-4541;-4440;-4297;-4058;-3744;-3348;-2863;-2292;-1631;-848.978300000000;-306.482400000000;206.758800000000;711.483800000000;1187.05730000000;1624.30770000000;1977.76470000000;2264.90280000000;2442.25570000000;2467.69450000000;2476.17410000000;-4937;-4519;-4412;-4260;-4010;-3686;-3286;-2825;-2305;-1694;-979.017500000000;-449.328200000000;59.1494000000000;552.897300000000;1017.69750000000;1464.34720000000;1882.58400000000;2226.53820000000;2437.77500000000;2466.57430000000;2476.17410000000;-4937;-4488;-4368;-4196;-3934;-3602;-3209;-2786;-2298;-1739;-1063;-582.238500000000;-117.911000000000;347.240700000000;824.502800000000;1288.89280000000;1713.83570000000;2129.42110000000;2395.19320000000;2464.53870000000;2476.17410000000;-4937;-4454;-4311;-4102;-3829;-3509;-3145;-2744;-2278;-1753;-1125;-691.432500000000;-274.487200000000;156.845400000000;602.085600000000;1048.82380000000;1501.21780000000;1975.10710000000;2345.22590000000;2460.46360000000;2476.17410000000;-4937;-4406;-4207;-3990;-3728;-3419;-3077;-2693;-2264;-1747;-1162;-782.266700000000;-402.444100000000;-14.7047000000000;370.392800000000;810.502200000000;1242.27670000000;1690.44650000000;2231.52140000000;2448.41540000000;2476.17410000000;-4937;-4276;-4074;-3877;-3628;-3335;-3002;-2632;-2229;-1744;-1216;-857.388200000000;-508.460300000000;-130.849000000000;175.831900000000;550.623700000000;926.884900000000;1396.57440000000;1841.04660000000;2366.90110000000;2476.17410000000;-4937;-4406;-4207;-3990;-3728;-3419;-3077;-2693;-2264;-1747;-1162;-782.266700000000;-402.444100000000;-14.7047000000000;370.392800000000;810.502200000000;1242.27670000000;1690.44650000000;2231.52140000000;2448.41540000000;2476.17410000000;-4937;-4454;-4311;-4102;-3829;-3509;-3145;-2744;-2278;-1753;-1125;-691.432500000000;-274.487200000000;156.845400000000;602.085600000000;1048.82380000000;1501.21780000000;1975.10710000000;2345.22590000000;2460.46360000000;2476.17410000000;-4937;-4488;-4368;-4196;-3934;-3602;-3209;-2786;-2298;-1739;-1063;-582.238500000000;-117.911000000000;347.240700000000;824.502800000000;1288.89280000000;1713.83570000000;2129.42110000000;2395.19320000000;2464.53870000000;2476.17410000000;-4937;-4519;-4412;-4260;-4010;-3686;-3286;-2825;-2305;-1694;-979.017500000000;-449.328200000000;59.1494000000000;552.897300000000;1017.69750000000;1464.34720000000;1882.58400000000;2226.53820000000;2437.77500000000;2466.57430000000;2476.17410000000;-4937;-4541;-4440;-4297;-4058;-3744;-3348;-2863;-2292;-1631;-848.978300000000;-306.482400000000;206.758800000000;711.483800000000;1187.05730000000;1624.30770000000;1977.76470000000;2264.90280000000;2442.25570000000;2467.69450000000;2476.17410000000;-4937;-4551;-4450;-4299;-4058;-3734;-3339;-2850;-2251;-1557;-744.234500000000;-206.818100000000;302.710800000000;829.500200000000;1300.41190000000;1700.36130000000;2062.48820000000;2305.02990000000;2443.80770000000;2468.08250000000;2476.17410000000;-4937;-4522;-4403;-4225;-3956;-3604;-3183;-2720;-2162;-1497;-708.787400000000;-205.005300000000;288.498500000000;705.218400000000;1175.23020000000;1686.62250000000;2069.39360000000;2347.73340000000;2438.71380000000;2466.80900000000;2476.17410000000];
